8
1
7  
0 184 222 177 216 231 120  60
184   0  45 123 128 200  52 100 
222  45   0 129 121 203  15 300
177 123 129   0  46  83 250  15
216 128 121  46   0  83 100   7
231 200 203  83  83   0  20  10
120  52  15 250 100  20   0  441
 60 100 300  15   7  10 441   54