6
0 184 222 177 216 231
184 0  45 123 128 200
222 45 0 129 121 203
177 123 129 0 46 83
216 128 121 46 0 83
231 200 203 83 83 0